{
  "metadata": {
    "api_type": "osrm_demo",
    "total_locations": 18
  },
  "locations": [
    {
      "id": "main_office",
      "name": "Main Office",
      "lat": 16.900944,
      "lon": 95.178472,
      "type": "Office"
    },
    {
      "id": "client_1",
      "name": "Client 1",
      "lat": 16.605656,
      "lon": 95.082756,
      "type": "Client"
    },
    {
      "id": "client_10",
      "name": "Client 10",
      "lat": 16.609912,
      "lon": 94.994202,
      "type": "Client"
    },
    {
      "id": "client_11",
      "name": "Client 11",
      "lat": 16.631192,
      "lon": 95.067146,
      "type": "Client"
    },
    {
      "id": "client_12",
      "name": "Client 12",
      "lat": 16.632719,
      "lon": 95.077151,
      "type": "Client"
    },
    {
      "id": "client_13",
      "name": "Client 13",
      "lat": 16.623046,
      "lon": 95.023718,
      "type": "Client"
    },
    {
      "id": "client_14",
      "name": "Client 14",
      "lat": 16.667612,
      "lon": 95.105614,
      "type": "Client"
    },
    {
      "id": "client_15",
      "name": "Client 15",
      "lat": 16.620239,
      "lon": 95.02581,
      "type": "Client"
    },
    {
      "id": "client_16",
      "name": "Client 16",
      "lat": 16.621079,
      "lon": 95.04098,
      "type": "Client"
    },
    {
      "id": "client_17",
      "name": "Client 17",
      "lat": 16.621321,
      "lon": 95.019012,
      "type": "Client"
    },
    {
      "id": "client_2",
      "name": "Client 2",
      "lat": 16.610849,
      "lon": 95.00325,
      "type": "Client"
    },
    {
      "id": "client_3",
      "name": "Client 3",
      "lat": 16.629571,
      "lon": 95.055766,
      "type": "Client"
    },
    {
      "id": "client_4",
      "name": "Client 4",
      "lat": 16.63077,
      "lon": 95.062866,
      "type": "Client"
    },
    {
      "id": "client_5",
      "name": "Client 5",
      "lat": 16.639156,
      "lon": 95.095583,
      "type": "Client"
    },
    {
      "id": "client_6",
      "name": "Client 6",
      "lat": 16.649879,
      "lon": 95.129356,
      "type": "Client"
    },
    {
      "id": "client_7",
      "name": "Client 7",
      "lat": 16.623989,
      "lon": 95.037811,
      "type": "Client"
    },
    {
      "id": "client_8",
      "name": "Client 8",
      "lat": 16.625441,
      "lon": 95.045563,
      "type": "Client"
    },
    {
      "id": "client_9",
      "name": "Client 9",
      "lat": 16.68124,
      "lon": 95.123169,
      "type": "Client"
    }
  ],
  "euclidean_distance_matrix": [
    [
      0.0,
      34.379793397681865,
      37.84434920955954,
      32.25195523761408,
      31.716147624655502,
      35.01919241126832,
      27.07989302939277,
      35.19154245835189,
      34.39075954429573,
      35.42597637322713,
      37.26373346709494,
      32.88198673570017,
      32.46561092066147,
      30.417768124671852,
      28.402644170907006,
      34.24439791995695,
      33.74490905253444,
      25.12932263699601
    ],
    [
      34.379793397681865,
      0.0,
      9.4478457245174,
      3.2907470678280437,
      3.0679567337001363,
      6.581144295762221,
      7.306959161394329,
      6.280727287812592,
      4.77029838611921,
      7.011920814165134,
      8.491499800130596,
      3.9168549695347648,
      3.5056697160807997,
      3.9678331361384926,
      6.987978669545229,
      5.2048173365228205,
      4.532685323424145,
      9.44317524176155
    ],
    [
      37.84434920955954,
      9.4478457245174,
      0.0,
      8.124344018653666,
      9.194764008913968,
      3.467524151955611,
      13.492773312514208,
      3.5582845742474674,
      5.136633169985187,
      2.9321972406773553,
      0.9697217564870688,
      6.914272700390611,
      7.674928564117916,
      11.28068549510504,
      15.070034512930873,
      4.903156989407688,
      5.738511842151612,
      15.864444305099319
    ],
    [
      32.25195523761408,
      3.2907470678280437,
      8.124344018653666,
      0.0,
      1.0793998582896476,
      4.714886238736375,
      5.761492747773752,
      4.5694964149409705,
      3.0061333168823756,
      5.244627382272876,
      7.1740073726222855,
      1.2257925120984852,
      0.45841377936616856,
      3.1564768266792234,
      6.945829374071844,
      3.2264981023698467,
      2.3868193171029346,
      8.16016681912571
    ],
    [
      31.716147624655502,
      3.0679567337001363,
      9.194764008913968,
      1.0793998582896476,
      0.0,
      5.7937413331639185,
      4.924256744528771,
      5.643451812886796,
      4.065403107528104,
      6.32278271153748,
      8.241016544594268,
      2.3051611279718016,
      1.5373189398411893,
      2.09013356692544,
      5.8800068258597955,
      4.302416267803144,
      3.4614591013496203,
      7.289800790632003
    ],
    [
      35.01919241126832,
      6.581144295762221,
      3.467524151955611,
      4.714886238736375,
      5.7937413331639185,
      0.0,
      10.033927633953503,
      0.3835436810846514,
      1.8521972857514355,
      0.5368518093526156,
      2.5682057648869163,
      3.490819324823871,
      4.258558045641492,
      7.863495918119376,
      11.643494122065869,
      1.5052314554106698,
      2.3427086207984824,
      12.414486544060242
    ],
    [
      27.07989302939277,
      7.306959161394329,
      13.492773312514208,
      5.761492747773752,
      4.924256744528771,
      10.033927633953503,
      0.0,
      10.00161410728331,
      8.613221217514242,
      10.564949073718953,
      12.600533996796424,
      6.789248780353959,
      6.125535077891304,
      3.3397392440807034,
      3.207001898973102,
      8.700944799568841,
      7.932015290361095,
      2.4068704975929265
    ],
    [
      35.19154245835189,
      6.280727287812592,
      3.5582845742474674,
      4.5694964149409705,
      5.643451812886796,
      0.3835436810846514,
      10.00161410728331,
      0.0,
      1.619047066165093,
      0.7342449150401815,
      2.6207829608959927,
      3.3561599931191894,
      4.118178622456169,
      7.725770152680959,
      11.51370682169072,
      1.3449582192386094,
      2.1826826581465077,
      12.392950672959875
    ],
    [
      34.39075954429573,
      4.77029838611921,
      5.136633169985187,
      3.0061333168823756,
      4.065403107528104,
      1.8521972857514355,
      8.613221217514242,
      1.619047066165093,
      0.0,
      2.340819742267062,
      4.1780318440053055,
      1.836713829083916,
      2.5688170457238027,
      6.155082711953981,
      9.945355980074698,
      0.46766482803881754,
      0.6882594910421131,
      11.018816097257465
    ],
    [
      35.42597637322713,
      7.011920814165134,
      2.9321972406773553,
      5.244627382272876,
      6.32278271153748,
      0.5368518093526156,
      10.564949073718953,
      0.7342449150401815,
      2.340819742267062,
      0.0,
      2.043652735515751,
      4.022024078074478,
      4.789149632102288,
      8.395750378391412,
      12.177468274231801,
      2.024847468601272,
      2.8658007345299428,
      12.942724521181797
    ],
    [
      37.26373346709494,
      8.491499800130596,
      0.9697217564870688,
      7.1740073726222855,
      8.241016544594268,
      2.5682057648869163,
      12.600533996796424,
      2.6207829608959927,
      4.1780318440053055,
      2.043652735515751,
      0.0,
      5.970260763388785,
      6.727183809340487,
      10.329049294686628,
      14.119347076412298,
      3.96177694007652,
      4.791557030069958,
      14.982628372410613
    ],
    [
      32.88198673570017,
      3.9168549695347648,
      6.914272700390611,
      1.2257925120984852,
      2.3051611279718016,
      3.490819324823871,
      6.789248780353959,
      3.3561599931191894,
      1.836713829083916,
      4.022024078074478,
      5.970260763388785,
      0.0,
      0.7681203476118951,
      4.3740021978559795,
      8.158892605226429,
      2.0112025802060245,
      1.1801035775674567,
      9.196053805729575
    ],
    [
      32.46561092066147,
      3.5056697160807997,
      7.674928564117916,
      0.45841377936616856,
      1.5373189398411893,
      4.258558045641492,
      6.125535077891304,
      4.118178622456169,
      2.5688170457238027,
      4.789149632102288,
      6.727183809340487,
      0.7681203476118951,
      0.0,
      3.608279960933712,
      7.395543056348405,
      2.7739396073415246,
      1.936438802642757,
      8.53012500029045
    ],
    [
      30.417768124671852,
      3.9678331361384926,
      11.28068549510504,
      3.1564768266792234,
      2.09013356692544,
      7.863495918119376,
      3.3397392440807034,
      7.725770152680959,
      6.155082711953981,
      8.395750378391412,
      10.329049294686628,
      4.3740021978559795,
      3.608279960933712,
      0.0,
      3.790455202399093,
      6.382071423569652,
      5.543176687528431,
      5.525729777212407
    ],
    [
      28.402644170907006,
      6.987978669545229,
      15.070034512930873,
      6.945829374071844,
      5.8800068258597955,
      11.643494122065869,
      3.207001898973102,
      11.51370682169072,
      9.945355980074698,
      12.177468274231801,
      14.119347076412298,
      8.158892605226429,
      7.395543056348405,
      3.790455202399093,
      0.0,
      10.169212588431739,
      9.331694130471709,
      3.5489181144594024
    ],
    [
      34.24439791995695,
      5.2048173365228205,
      4.903156989407688,
      3.2264981023698467,
      4.302416267803144,
      1.5052314554106698,
      8.700944799568841,
      1.3449582192386094,
      0.46766482803881754,
      2.024847468601272,
      3.96177694007652,
      2.0112025802060245,
      2.7739396073415246,
      6.382071423569652,
      10.169212588431739,
      0.0,
      0.8415840205115832,
      11.100199730602435
    ],
    [
      33.74490905253444,
      4.532685323424145,
      5.738511842151612,
      2.3868193171029346,
      3.4614591013496203,
      2.3427086207984824,
      7.932015290361095,
      2.1826826581465077,
      0.6882594910421131,
      2.8658007345299428,
      4.791557030069958,
      1.1801035775674567,
      1.936438802642757,
      5.543176687528431,
      9.331694130471709,
      0.8415840205115832,
      0.0,
      10.33669463306439
    ],
    [
      25.12932263699601,
      9.44317524176155,
      15.864444305099319,
      8.16016681912571,
      7.289800790632003,
      12.414486544060242,
      2.4068704975929265,
      12.392950672959875,
      11.018816097257465,
      12.942724521181797,
      14.982628372410613,
      9.196053805729575,
      8.53012500029045,
      5.525729777212407,
      3.5489181144594024,
      11.100199730602435,
      10.33669463306439,
      0.0
    ]
  ],
  "road_distance_matrix": [
    [
      0.0,
      42.4313,
      45.2479,
      37.9589,
      39.6847,
      40.765800000000006,
      35.006800000000005,
      42.4114,
      40.977599999999995,
      41.528400000000005,
      44.7498,
      38.9109,
      38.4096,
      40.5681,
      35.0003,
      40.989599999999996,
      40.765699999999995,
      34.1607
    ],
    [
      42.4313,
      0.0,
      21.8778,
      31.7795,
      33.505300000000005,
      36.5226,
      27.5347,
      36.232,
      34.798199999999994,
      37.2853,
      20.887900000000002,
      32.7315,
      32.2303,
      5.1736,
      9.1389,
      34.810199999999995,
      34.5863,
      26.688599999999997
    ],
    [
      45.2479,
      21.8778,
      0.0,
      11.759,
      13.4848,
      5.3826,
      21.9348,
      4.9781,
      6.8051,
      5.481199999999999,
      0.9899,
      12.711,
      12.2098,
      39.141400000000004,
      33.573699999999995,
      6.1365,
      6.9911,
      21.0886
    ],
    [
      37.9589,
      31.7795,
      11.759,
      0.0,
      2.0184,
      7.2768999999999995,
      12.7095,
      5.1433,
      3.7095,
      8.0396,
      11.2609,
      1.6428,
      0.45080000000000003,
      29.9162,
      24.3484,
      3.7215,
      3.4976,
      11.8634
    ],
    [
      39.6847,
      33.505300000000005,
      13.4848,
      2.0184,
      0.0,
      9.0027,
      14.4353,
      6.869,
      5.4353,
      9.7653,
      12.9867,
      3.3685,
      2.4692,
      31.642,
      26.0742,
      5.4472,
      5.2233,
      13.5892
    ],
    [
      40.765800000000006,
      36.5226,
      5.3826,
      7.2768999999999995,
      9.0027,
      0.0,
      17.452599999999997,
      3.8718000000000004,
      5.6988,
      0.7817000000000001,
      4.884399999999999,
      8.2289,
      7.727600000000001,
      34.6593,
      29.0915,
      5.0302,
      10.0837,
      16.6065
    ],
    [
      35.006800000000005,
      27.5347,
      21.9348,
      12.7095,
      14.4353,
      17.452599999999997,
      0.0,
      17.162,
      15.728299999999999,
      18.2153,
      21.4366,
      13.6615,
      13.1603,
      25.671400000000002,
      20.1037,
      15.740200000000002,
      15.5163,
      2.5153000000000003
    ],
    [
      42.4114,
      36.232,
      4.9781,
      5.1433,
      6.869,
      3.8718000000000004,
      17.162,
      0.0,
      2.2117,
      3.4169,
      3.9880999999999998,
      3.5005,
      5.594,
      34.3687,
      28.800900000000002,
      1.5431,
      2.3978,
      16.3159
    ],
    [
      40.977599999999995,
      34.798199999999994,
      6.8051,
      3.7095,
      5.4353,
      5.6988,
      15.728299999999999,
      2.2117,
      0.0,
      5.2439,
      5.8151,
      2.0667,
      4.1602,
      32.9349,
      27.3672,
      0.7898999999999999,
      0.8269,
      14.882100000000001
    ],
    [
      41.528400000000005,
      37.2853,
      5.481199999999999,
      8.0396,
      9.7653,
      0.7817000000000001,
      18.2153,
      3.4169,
      5.2439,
      0.0,
      4.983,
      8.9916,
      8.4903,
      35.422,
      29.854200000000002,
      4.5753,
      5.43,
      17.3691
    ],
    [
      44.7498,
      20.887900000000002,
      0.9899,
      11.2609,
      12.9867,
      4.884399999999999,
      21.4366,
      3.9880999999999998,
      5.8151,
      4.983,
      0.0,
      12.2129,
      11.7116,
      38.6433,
      33.0755,
      5.1465,
      6.0012,
      20.5905
    ],
    [
      38.9109,
      32.7315,
      12.711,
      1.6428,
      3.3685,
      8.2289,
      13.6615,
      3.5005,
      2.0667,
      8.9916,
      12.2129,
      0.0,
      2.0935,
      30.8682,
      25.3004,
      2.0787,
      1.8548,
      12.8154
    ],
    [
      38.4096,
      32.2303,
      12.2098,
      0.45080000000000003,
      2.4692,
      7.727600000000001,
      13.1603,
      5.594,
      4.1602,
      8.4903,
      11.7116,
      2.0935,
      0.0,
      30.367,
      24.7992,
      4.1722,
      3.9483,
      12.314200000000001
    ],
    [
      40.5681,
      5.1736,
      39.141400000000004,
      29.9162,
      31.642,
      34.6593,
      25.671400000000002,
      34.3687,
      32.9349,
      35.422,
      38.6433,
      30.8682,
      30.367,
      0.0,
      7.275600000000001,
      32.9469,
      32.723,
      24.8253
    ],
    [
      35.0003,
      9.1389,
      33.573699999999995,
      24.3484,
      26.0742,
      29.0915,
      20.1037,
      28.800900000000002,
      27.3672,
      29.854200000000002,
      33.0755,
      25.3004,
      24.7992,
      7.275600000000001,
      0.0,
      27.379099999999998,
      27.1552,
      19.2575
    ],
    [
      40.989599999999996,
      34.810199999999995,
      6.1365,
      3.7215,
      5.4472,
      5.0302,
      15.740200000000002,
      1.5431,
      0.7898999999999999,
      4.5753,
      5.1465,
      2.0787,
      4.1722,
      32.9469,
      27.379099999999998,
      0.0,
      0.976,
      14.8941
    ],
    [
      40.765699999999995,
      34.5863,
      6.9911,
      3.4976,
      5.2233,
      10.0837,
      15.5163,
      2.3978,
      0.8269,
      5.43,
      6.0012,
      1.8548,
      3.9483,
      32.723,
      27.1552,
      0.976,
      0.0,
      14.670200000000001
    ],
    [
      34.1607,
      26.688599999999997,
      21.0886,
      11.8634,
      13.5892,
      16.6065,
      2.5153000000000003,
      16.3159,
      14.882100000000001,
      17.3691,
      20.5905,
      12.8154,
      12.314200000000001,
      24.8253,
      19.2575,
      14.8941,
      14.670200000000001,
      0.0
    ]
  ]
}